    1.3652    3.0317    0.1426         0    0.0041
   -0.2306   -2.1488    1.0010         0    0.0023
    0.4963   -2.2838    0.9374         0    0.0022
    0.4909   -2.2806    0.9444         0    0.0021

    0.2785   -1.9595    1.8113    1.0000    0.0000
    0.2785   -1.9595    1.8113    1.0000    0.0000
    0.2785   -1.9595    1.8113    1.0000    0.0000
    0.3161   -1.9190    1.9500    1.0000    0.0000

    0.3850   -1.8190    2.3104    2.0000    0.0000
    0.3850   -1.8190    2.3104    2.0000    0.0000
    0.3850   -1.8190    2.3104    2.0000    0.0000
    0.3784   -1.8309    2.2655    2.0000    0.0000

   -0.0982   -1.6056    3.1097    3.0000    0.0003
   -0.0982   -1.6056    3.1097    3.0000    0.0003
    0.4448   -1.5976    3.3815    3.0000    0.0002
    0.4448   -1.5976    3.3815    3.0000    0.0002
-> NORTH ONLY
    1.0573   -2.6069    0.4051         0    0.0056
    0.9647   -2.5382    0.4812         0    0.0052
    1.3725    2.9784    0.1335         0    0.0038
    1.3725    2.9784    0.1335         0    0.0038
-------------------------------------
    0.2586   -1.9817    1.7363    1.0000    0.0001
    0.2936   -1.9443    1.8631    1.0000    0.0000
    0.2936   -1.9443    1.8631    1.0000    0.0000
    0.2936   -1.9443    1.8631    1.0000    0.0000
-------------------------------------
    0.4217   -1.7342    2.6563    2.0000    0.0000
    0.4217   -1.7342    2.6563    2.0000    0.0000
    0.4217   -1.7342    2.6563    2.0000    0.0000
    0.4217   -1.7342    2.6563    2.0000    0.0000
-------------------------------------
    0.4446   -1.6111    3.2947    3.0000    0.0002
    0.4428   -1.6351    3.1514    3.0000    0.0001
    0.4428   -1.6351    3.1514    3.0000    0.0001
    0.4428   -1.6351    3.1514    3.0000    0.0001
-------------------------------------