
season_begin_date =
     0    91   182   274   365
     
   -0.7826   -0.7748    0.7792    5.8410    1.0000         0    0.0000
   -0.7826   -0.7748    0.7792    5.8410    1.0000         0    0.0000
   -0.7826   -0.7748    0.7792    5.8410    1.0000         0    0.0000
   -0.7826   -0.7748    0.7792    5.8410    1.0000         0    0.0000

    0.1011   -1.3824    1.4166   23.2878    1.0000    1.0000    0.0000
    0.1011   -1.3824    1.4166   23.2878    1.0000    1.0000    0.0000
    0.1011   -1.3824    1.4166   23.2878    1.0000    1.0000    0.0000
    0.0871   -1.3669    1.3925   19.0855    1.0000    1.0000    0.0000

   -0.7120   -1.4735    2.2966    3.2765    1.0000    2.0000    0.0000
   -0.7120   -1.4735    2.2966    3.2765    1.0000    2.0000    0.0000
   -0.7120   -1.4735    2.2966    3.2765    1.0000    2.0000    0.0000
   -0.7120   -1.4735    2.2966    3.2765    1.0000    2.0000    0.0000

   -0.6615   -1.6203    3.1930    3.5475    1.0000    3.0000    0.0018
   -0.6615   -1.6203    3.1930    3.5475    1.0000    3.0000    0.0018
   -0.6615   -1.6203    3.1930    3.5475    1.0000    3.0000    0.0018
   -0.6615   -1.6203    3.1930    3.5475    1.0000    3.0000    0.0018

    1.0936   -0.6655    0.3427   99.9506    2.0000         0    0.0004
    0.9367   -0.4707    0.5241  168.8825    2.0000         0    0.0001
    0.9367   -0.4707    0.5241  168.8825    2.0000         0    0.0001
    0.7656   -0.8500    0.7272  114.7423    2.0000         0    0.0001

    0.5779   -1.2378    1.3463  104.3893    2.0000    1.0000    0.0000
    0.5779   -1.2378    1.3463  104.3893    2.0000    1.0000    0.0000
    0.5779   -1.2378    1.3463  104.3893    2.0000    1.0000    0.0000
    0.5621   -1.2464    1.3369  100.9707    2.0000    1.0000    0.0000

    0.5043   -1.5042    2.1865  102.9867    2.0000    2.0000    0.0002
    0.5043   -1.5042    2.1865  102.9867    2.0000    2.0000    0.0002
    0.5043   -1.5042    2.1865  102.9867    2.0000    2.0000    0.0002
    0.5043   -1.5042    2.1865  102.9867    2.0000    2.0000    0.0002

    0.4299   -1.6262    3.0004  100.9587    2.0000    3.0000    0.0029
    0.4299   -1.6262    3.0004  100.9587    2.0000    3.0000    0.0029
    0.4299   -1.6262    3.0004  100.9587    2.0000    3.0000    0.0029
    0.4299   -1.6262    3.0004  100.9587    2.0000    3.0000    0.0029

    0.9980   -0.4131    0.4550  190.6681    3.0000         0    0.0001
   -0.1783   -1.2044    0.9859  201.6298    3.0000         0    0.0001
   -0.1783   -1.2044    0.9859  201.6298    3.0000         0    0.0001
   -0.1783   -1.2044    0.9859  201.6298    3.0000         0    0.0001

   -0.0935   -1.2710    1.1911  193.6727    3.0000    1.0000    0.0000
   -0.0935   -1.2710    1.1911  193.6727    3.0000    1.0000    0.0000
   -0.0935   -1.2710    1.1911  193.6727    3.0000    1.0000    0.0000
   -0.0925   -1.3232    1.3173  200.8971    3.0000    1.0000    0.0000

   -0.3995    1.3254    1.9990  184.8585    3.0000    2.0000   27.4024
    0.0454   -1.5575    2.2767  190.4668    3.0000    2.0000    0.0005
    0.7113   -1.4394    2.1247  191.3742    3.0000    2.0000    0.0000
    0.7113   -1.4394    2.1247  191.3742    3.0000    2.0000    0.0000

    0.6247   -1.6326    3.1377  202.5405    3.0000    3.0000    0.0019
    0.6523   -1.6244    3.1616  192.0503    3.0000    3.0000    0.0018
    0.6448   -1.6207    3.0799  197.0139    3.0000    3.0000    0.0015
    0.6448   -1.6207    3.0799  197.0139    3.0000    3.0000    0.0015

   -1.0625   -0.6788    0.3546  280.6667    4.0000         0    0.0004
    0.5499   -1.0008    0.6974  285.7207    4.0000         0    0.0002
   -1.1053   -0.3295    0.3555  310.5874    4.0000         0    0.0002
   -0.9035   -0.6754    0.5251  294.8658    4.0000         0    0.0002

   -0.5958   -1.0463    1.0422  285.4501    4.0000    1.0000    0.0000
   -0.5958   -1.0463    1.0422  285.4501    4.0000    1.0000    0.0000
   -0.5958   -1.0463    1.0422  285.4501    4.0000    1.0000    0.0000
   -0.5924   -1.1156    1.2304  291.4523    4.0000    1.0000    0.0000

   -0.5622   -1.4571    2.4164  302.6683    4.0000    2.0000    0.0004
   -0.5622   -1.4571    2.4164  302.6683    4.0000    2.0000    0.0004
   -0.5622   -1.4571    2.4164  302.6683    4.0000    2.0000    0.0004
   -0.5378   -1.4418    2.2817  296.4528    4.0000    2.0000    0.0003

   -0.3797   -1.5984    3.4318  284.0439    4.0000    3.0000    0.0069
   -0.5353   -1.5629    3.3100  308.9236    4.0000    3.0000    0.0039
   -0.6056   -1.5532    3.2120  322.9718    4.0000    3.0000    0.0025
   -0.6056   -1.5532    3.2120  322.9718    4.0000    3.0000    0.0025
->NORTH ONLY
    0.5978   -1.1521    0.4399   12.4398    1.0000         0    0.0009
    0.3335   -1.1270    0.6792    9.5287    1.0000         0    0.0003
    0.3120   -1.1657    0.7733   24.0725    1.0000         0    0.0002
    0.3120   -1.1657    0.7733   24.0725    1.0000         0    0.0002
-------------------------------------
    0.2073   -1.3379    1.2405   38.4956    1.0000    1.0000    0.0000
    0.0475   -1.3637    1.4423    9.3873    1.0000    1.0000    0.0000
    0.0475   -1.3637    1.4423    9.3873    1.0000    1.0000    0.0000
    0.0475   -1.3637    1.4423    9.3873    1.0000    1.0000    0.0000
-------------------------------------
    0.2969   -1.5938    2.3188   72.6593    1.0000    2.0000    0.0007
    0.0764   -1.5782    2.1269   34.7322    1.0000    2.0000    0.0004
    0.0555   -1.5731    2.1193   30.4442    1.0000    2.0000    0.0004
    0.0555   -1.5731    2.1193   30.4442    1.0000    2.0000    0.0004
-------------------------------------
    0.0114   -1.7023    3.1080   37.8638    1.0000    3.0000    0.0046
    0.0144   -1.6952    3.0265   37.3607    1.0000    3.0000    0.0040
    0.0144   -1.6952    3.0265   37.3607    1.0000    3.0000    0.0040
    0.0419   -1.6959    3.0113   42.0507    1.0000    3.0000    0.0040
-------------------------------------
    1.1967   -0.1565    0.2736  127.9324    2.0000         0    0.0002
    0.7662   -0.8679    0.7013  108.7365    2.0000         0    0.0001
    0.7662   -0.8679    0.7013  108.7365    2.0000         0    0.0001
    0.7662   -0.8679    0.7013  108.7365    2.0000         0    0.0001
-------------------------------------
    0.6044   -1.1832    1.2610  108.5138    2.0000    1.0000    0.0000
    0.5908   -1.1615    1.1690  102.9108    2.0000    1.0000    0.0000
    0.5908   -1.1615    1.1690  102.9108    2.0000    1.0000    0.0000
    0.5908   -1.1615    1.1690  102.9108    2.0000    1.0000    0.0000
-------------------------------------
    0.4868   -1.4922    2.0828   98.6958    2.0000    2.0000    0.0002
    0.4868   -1.4922    2.0828   98.6958    2.0000    2.0000    0.0002
    0.4868   -1.4922    2.0828   98.6958    2.0000    2.0000    0.0002
    0.5033   -1.4905    2.1073  101.7165    2.0000    2.0000    0.0002
-------------------------------------
    0.5412   -1.5959    3.0244  120.6107    2.0000    3.0000    0.0022
    0.5412   -1.5959    3.0244  120.6107    2.0000    3.0000    0.0022
    0.5412   -1.5959    3.0244  120.6107    2.0000    3.0000    0.0022
    0.5412   -1.5959    3.0244  120.6107    2.0000    3.0000    0.0022
-------------------------------------
    1.0082   -0.6742    0.4224  237.7865    3.0000         0    0.0003
    0.7588   -0.8345    0.8465  191.9367    3.0000         0    0.0000
    0.7588   -0.8345    0.8465  191.9367    3.0000         0    0.0000
    0.7588   -0.8345    0.8465  191.9367    3.0000         0    0.0000
-------------------------------------
    0.6503   -1.1863    1.2900  223.2178    3.0000    1.0000    0.0000
    0.6503   -1.1863    1.2900  223.2178    3.0000    1.0000    0.0000
    0.6503   -1.1863    1.2900  223.2178    3.0000    1.0000    0.0000
    0.6503   -1.1863    1.2900  223.2178    3.0000    1.0000    0.0000
-------------------------------------
    0.3521   -1.4597    2.0461  267.9982    3.0000    2.0000    0.0003
    0.6961   -1.4717    2.2169  196.5060    3.0000    2.0000    0.0000
    0.6961   -1.4717    2.2169  196.5060    3.0000    2.0000    0.0000
    0.7173   -1.4319    2.1164  188.1051    3.0000    2.0000    0.0000
-------------------------------------
    0.6497   -1.6285    3.1919  192.4690    3.0000    3.0000    0.0019
    0.6497   -1.6285    3.1919  192.4690    3.0000    3.0000    0.0019
    0.6497   -1.6285    3.1919  192.4690    3.0000    3.0000    0.0019
    0.6682   -1.6025    3.0123  188.3629    3.0000    3.0000    0.0011
-------------------------------------
    0.3142   -1.0653    0.8504  311.2916    4.0000         0    0.0001
    0.3142   -1.0653    0.8504  311.2916    4.0000         0    0.0001
    0.3142   -1.0653    0.8504  311.2916    4.0000         0    0.0001
    0.3142   -1.0653    0.8504  311.2916    4.0000         0    0.0001
-------------------------------------
    0.3974   -1.1550    1.1014  280.2185    4.0000    1.0000    0.0000
    0.3554   -1.2501    1.3428  279.6393    4.0000    1.0000    0.0000
    0.3554   -1.2501    1.3428  279.6393    4.0000    1.0000    0.0000
    0.3662   -1.2320    1.2941  279.1009    4.0000    1.0000    0.0000
-------------------------------------
    0.2248   -1.4636    2.1482  285.9299    4.0000    2.0000    0.0005
    0.2248   -1.4636    2.1482  285.9299    4.0000    2.0000    0.0005
    0.2248   -1.4636    2.1482  285.9299    4.0000    2.0000    0.0005
    0.2248   -1.4636    2.1482  285.9299    4.0000    2.0000    0.0005
-------------------------------------
    0.1622   -1.5903    3.1742  282.5258    4.0000    3.0000    0.0055
    0.1882   -1.5891    3.1100  279.3051    4.0000    3.0000    0.0049
    0.0814   -1.5716    3.0841  296.1358    4.0000    3.0000    0.0047
    0.1665   -1.5796    3.0483  283.2262    4.0000    3.0000    0.0044
-------------------------------------
