0.311957-1.1656690.77330124.07254910
0.047488-1.3637081.4422949.38732611
0.055548-1.5731152.11928130.44423812
0.041873-1.6958743.01127642.05073813
0.766183-0.8678970.701279108.73649720
0.590759-1.1614721.169011102.91077121
0.503271-1.4905212.107320101.71649622
0.541219-1.5959063.024423120.61068623
0.758777-0.8345240.846498191.93667530
0.650258-1.1863231.289967223.21776831
0.717284-1.4318732.116361188.10510532
0.668230-1.6025483.012332188.36289133
0.314161-1.0652610.850420311.29163140
0.366212-1.2320331.294093279.10091241
0.224847-1.4635932.148212285.92992442
0.166529-1.5795903.048269283.22615343
