0.803032-1.9619361.41677911.19298210
0.497622-1.9564892.87753511.01272511.500000e+00
0.454468-1.9438273.1051238.48991513
0.234942-1.8669574.8071423.01577714.500000e+00
0.150200-1.8414016.26518215.56086816
1.426062-2.5799990.82783998.60119020
1.028519-2.0967722.57442996.62706121.500000e+00
0.839528-1.9471434.182088101.80230223
0.774114-1.8979314.893322102.49506724.500000e+00
0.664148-1.8241836.423762103.22045426
1.3941232.9534891.366628198.76052530
1.261640-2.5170292.442909193.27934831.500000e+00
1.053492-2.1025283.988279201.57378933
0.928445-1.9231205.958813184.46904234.500000e+00
0.880533-1.8984686.337697196.20826036
0.845280-1.8717261.359553326.12307040
0.720960-1.8822282.511489299.43901641.500000e+00
0.669647-1.8619183.746417277.35962843
0.439697-1.7803414.827020294.77431344.500000e+00
0.431227-1.7509216.160127279.57016946
