
season_begin_date =
     0    91   182   274   365

   -1.3832    2.9679    1.4746    6.0238    1.0000         0    0.0062
   -1.3899    2.9411    1.4057   11.7965    1.0000         0    0.0062
   -1.3805   -2.9637    1.4585   28.3898    1.0000         0    0.0049
   -1.3805   -2.9637    1.4585   28.3898    1.0000         0    0.0049

   -1.3788    3.0605    1.5411    6.9941    1.0000    1.5000    0.0059
   -1.1994   -2.3592    2.8993   10.6439    1.0000    1.5000    0.0033
   -1.1994   -2.3592    2.8993   10.6439    1.0000    1.5000    0.0033
   -1.1994   -2.3592    2.8993   10.6439    1.0000    1.5000    0.0033

    0.2885   -1.8926    4.3892    8.5498    1.0000    3.0000    0.0005
    0.4439   -1.9508    3.4696   21.9613    1.0000    3.0000    0.0000
    0.4125   -1.9336    3.4003    9.2732    1.0000    3.0000    0.0000
    0.4125   -1.9336    3.4003    9.2732    1.0000    3.0000    0.0000

   -0.9295   -1.9860    5.1821   22.3960    1.0000    4.5000    0.0002
   -0.9295   -1.9860    5.1821   22.3960    1.0000    4.5000    0.0002
   -0.9295   -1.9860    5.1821   22.3960    1.0000    4.5000    0.0002
   -0.9295   -1.9860    5.1821   22.3960    1.0000    4.5000    0.0002

    0.1162   -1.8244    6.4558    7.8610    1.0000    6.0000    0.0060
    0.1478   -1.8403    6.4108   17.6474    1.0000    6.0000    0.0060
   -0.8465   -1.8637    7.1720    8.0459    1.0000    6.0000    0.0011
   -0.8465   -1.8637    7.1720    8.0459    1.0000    6.0000    0.0011

    1.4930    2.9888    0.5391  101.3627    2.0000         0    0.0056
   -1.0029   -1.9549    1.2537  113.0348    2.0000         0    0.0000
   -1.0029   -1.9549    1.2537  113.0348    2.0000         0    0.0000
   -1.0029   -1.9549    1.2537  113.0348    2.0000         0    0.0000

    1.1491   -2.1914    2.0700  101.2735    2.0000    1.5000    0.0017
    0.9862   -2.0651    2.8737   97.8298    2.0000    1.5000    0.0009
    0.9862   -2.0651    2.8737   97.8298    2.0000    1.5000    0.0009
    0.9862   -2.0651    2.8737   97.8298    2.0000    1.5000    0.0009

   -0.5884   -1.9003    3.9508   99.5241    2.0000    3.0000    0.0001
   -0.5884   -1.9003    3.9508   99.5241    2.0000    3.0000    0.0001
   -0.5678   -1.9027    3.3585  115.8671    2.0000    3.0000    0.0000
   -0.6312   -1.9200    3.4449  103.0639    2.0000    3.0000    0.0000

   -0.4706   -1.8496    4.9957  100.9775    2.0000    4.5000    0.0010
   -0.4706   -1.8496    4.9957  100.9775    2.0000    4.5000    0.0010
   -0.4706   -1.8496    4.9957  100.9775    2.0000    4.5000    0.0010
   -0.4706   -1.8496    4.9957  100.9775    2.0000    4.5000    0.0010

    0.6804   -1.8092    6.8171  109.7750    2.0000    6.0000    0.0032
    0.6804   -1.8092    6.8171  109.7750    2.0000    6.0000    0.0032
    0.7727   -1.8274    6.4254  122.2874    2.0000    6.0000    0.0010
    0.7727   -1.8274    6.4254  122.2874    2.0000    6.0000    0.0010

    1.3880    2.6954    1.2986  184.9475    3.0000         0    0.0072
    1.3954    2.9104    1.3457  197.9567    3.0000         0    0.0063
    1.4004    3.0138    1.3166  205.6642    3.0000         0    0.0059
   -0.7754   -1.9534    1.4892  190.1544    3.0000         0    0.0001

    1.3754    3.0646    1.5780  184.5570    3.0000    1.5000    0.0060
    1.2890   -2.5995    2.2314  195.6760    3.0000    1.5000    0.0042
    1.2890   -2.5995    2.2314  195.6760    3.0000    1.5000    0.0042
    1.2224   -2.4059    2.7937  187.6939    3.0000    1.5000    0.0036

    1.1266   -2.2068    3.5293  191.4026    3.0000    3.0000    0.0025
    1.1152   -2.1787    3.7083  186.6329    3.0000    3.0000    0.0023
   -0.4129   -1.9234    3.6413  203.6025    3.0000    3.0000    0.0001
   -0.4129   -1.9234    3.6413  203.6025    3.0000    3.0000    0.0001

   -0.2472   -1.8601    5.2758  205.6465    3.0000    4.5000    0.0018
    0.9820   -1.9943    5.0520  191.4046    3.0000    4.5000    0.0006
    0.9820   -1.9943    5.0520  191.4046    3.0000    4.5000    0.0006
    0.9820   -1.9943    5.0520  191.4046    3.0000    4.5000    0.0006

    0.8378   -1.8633    7.0433  197.1774    3.0000    6.0000    0.0011
    0.8693   -1.8904    6.4764  197.2921    3.0000    6.0000    0.0002
    0.8693   -1.8904    6.4764  197.2921    3.0000    6.0000    0.0002
    0.8693   -1.8904    6.4764  197.2921    3.0000    6.0000    0.0002 

    0.5367   -0.9979    0.6518  294.6571    4.0000         0    0.0003
    0.5367   -0.9979    0.6518  294.6571    4.0000         0    0.0003
    0.5367   -0.9979    0.6518  294.6571    4.0000         0    0.0003
   -0.7124   -0.8649    0.7981  295.0020    4.0000         0    0.0000

   -0.4718   -1.3178    1.6039  275.7597    4.0000    1.5000    0.0000
   -0.4718   -1.3178    1.6039  275.7597    4.0000    1.5000    0.0000
   -0.4718   -1.3178    1.6039  275.7597    4.0000    1.5000    0.0000
   -0.4718   -1.3178    1.6039  275.7597    4.0000    1.5000    0.0000

   -0.4283   -1.5694    3.1548  288.8786    4.0000    3.0000    0.0039
   -0.4283   -1.5694    3.1548  288.8786    4.0000    3.0000    0.0039
   -0.4283   -1.5694    3.1548  288.8786    4.0000    3.0000    0.0039
   -0.4283   -1.5694    3.1548  288.8786    4.0000    3.0000    0.0039

   -0.4369   -1.6351    4.5850  302.6330    4.0000    4.5000    0.0263
   -0.4369   -1.6351    4.5850  302.6330    4.0000    4.5000    0.0263
   -0.4369   -1.6351    4.5850  302.6330    4.0000    4.5000    0.0263
   -0.4369   -1.6351    4.5850  302.6330    4.0000    4.5000    0.0263

   -0.2762   -1.6817    6.0045  284.5319    4.0000    6.0000    0.1097
   -0.2762   -1.6817    6.0045  284.5319    4.0000    6.0000    0.1097
   -0.2762   -1.6817    6.0045  284.5319    4.0000    6.0000    0.1097   
   -0.3360   -1.6724    6.0012  293.7969    4.0000    6.0000    0.1025 
->NORTH ONLY
    0.9581   -1.8925    0.7904    6.3355    1.0000         0    0.0014
    0.8030   -1.9619    1.4168   11.1930    1.0000         0    0.0001
    0.8030   -1.9619    1.4168   11.1930    1.0000         0    0.0001
    0.8030   -1.9619    1.4168   11.1930    1.0000         0    0.0001
    -------------------------------------
    0.4976   -1.9565    2.8775   11.0127    1.0000    1.5000    0.0000
    0.4976   -1.9565    2.8775   11.0127    1.0000    1.5000    0.0000
    0.4976   -1.9565    2.8775   11.0127    1.0000    1.5000    0.0000
    0.4976   -1.9565    2.8775   11.0127    1.0000    1.5000    0.0000
    -------------------------------------
    0.4339   -1.9301    3.1705    3.1889    1.0000    3.0000    0.0000
    0.4545   -1.9438    3.1051    8.4899    1.0000    3.0000    0.0000
    0.4545   -1.9438    3.1051    8.4899    1.0000    3.0000    0.0000
    0.4545   -1.9438    3.1051    8.4899    1.0000    3.0000    0.0000
    -------------------------------------
    0.2349   -1.8670    4.8071    3.0158    1.0000    4.5000    0.0009
    0.2349   -1.8670    4.8071    3.0158    1.0000    4.5000    0.0009
    0.2349   -1.8670    4.8071    3.0158    1.0000    4.5000    0.0009
    0.2349   -1.8670    4.8071    3.0158    1.0000    4.5000    0.0009
    -------------------------------------
    0.2047   -1.8520    6.5236   32.5623    1.0000    6.0000    0.0069
    0.0993   -1.8147    6.6110    4.4734    1.0000    6.0000    0.0068
    0.1310   -1.8332    6.4537   13.3307    1.0000    6.0000    0.0061
    0.1502   -1.8414    6.2652   15.5609    1.0000    6.0000    0.0052
    -------------------------------------
    1.4870    2.9280    0.5789  103.9133    2.0000         0    0.0058
    1.4261   -2.5800    0.8278   98.6012    2.0000         0    0.0032
    1.4261   -2.5800    0.8278   98.6012    2.0000         0    0.0032
    1.4261   -2.5800    0.8278   98.6012    2.0000         0    0.0032
    -------------------------------------
    1.0285   -2.0968    2.5744   96.6271    2.0000    1.5000    0.0011
    1.0285   -2.0968    2.5744   96.6271    2.0000    1.5000    0.0011
    1.0285   -2.0968    2.5744   96.6271    2.0000    1.5000    0.0011
    1.0285   -2.0968    2.5744   96.6271    2.0000    1.5000    0.0011
    -------------------------------------
    0.8395   -1.9471    4.1821  101.8023    2.0000    3.0000    0.0001
    0.8395   -1.9471    4.1821  101.8023    2.0000    3.0000    0.0001
    0.8395   -1.9471    4.1821  101.8023    2.0000    3.0000    0.0001
    0.8395   -1.9471    4.1821  101.8023    2.0000    3.0000    0.0001
    -------------------------------------
    0.6957   -1.8523    5.7497  100.9959    2.0000    4.5000    0.0008
    0.7274   -1.8714    5.3576  101.2865    2.0000    4.5000    0.0003
    0.7257   -1.8830    5.1356   98.1335    2.0000    4.5000    0.0002
    0.7741   -1.8979    4.8933  102.4951    2.0000    4.5000    0.0000
    -------------------------------------
    0.6542   -1.8187    6.5802  103.1789    2.0000    6.0000    0.0030
    0.6542   -1.8187    6.5802  103.1789    2.0000    6.0000    0.0030
    0.6641   -1.8242    6.4238  103.2205    2.0000    6.0000    0.0024
    0.6641   -1.8242    6.4238  103.2205    2.0000    6.0000    0.0024
    -------------------------------------
    1.3941    2.9243    1.3576  197.7397    3.0000         0    0.0063
    1.3941    2.9243    1.3576  197.7397    3.0000         0    0.0063
    1.3941    2.9243    1.3576  197.7397    3.0000         0    0.0063
    1.3941    2.9535    1.3666  198.7605    3.0000         0    0.0062
    -------------------------------------
    1.2616   -2.5170    2.4429  193.2793    3.0000    1.5000    0.0039
    1.2616   -2.5170    2.4429  193.2793    3.0000    1.5000    0.0039
    1.2616   -2.5170    2.4429  193.2793    3.0000    1.5000    0.0039
    1.2616   -2.5170    2.4429  193.2793    3.0000    1.5000    0.0039
    -------------------------------------
    1.0535   -2.1025    3.9883  201.5738    3.0000    3.0000    0.0016
    1.0535   -2.1025    3.9883  201.5738    3.0000    3.0000    0.0016
    1.0535   -2.1025    3.9883  201.5738    3.0000    3.0000    0.0016
    1.0535   -2.1025    3.9883  201.5738    3.0000    3.0000    0.0016
    -------------------------------------
    0.8442   -1.9114    5.6596  218.1072    3.0000    4.5000    0.0000
    0.8442   -1.9114    5.6596  218.1072    3.0000    4.5000    0.0000
    0.9284   -1.9231    5.9588  184.4690    3.0000    4.5000    0.0000
    0.9284   -1.9231    5.9588  184.4690    3.0000    4.5000    0.0000
    -------------------------------------
    0.8488   -1.8792    6.6745  200.2727    3.0000    6.0000    0.0005
    0.8488   -1.8792    6.6745  200.2727    3.0000    6.0000    0.0005
    0.8805   -1.8985    6.3377  196.2083    3.0000    6.0000    0.0001
    0.8805   -1.8985    6.3377  196.2083    3.0000    6.0000    0.0001
    -------------------------------------
    1.0015   -1.9259    1.4650  290.4397    4.0000         0    0.0001
    1.0015   -1.9259    1.4650  290.4397    4.0000         0    0.0001
    0.8453   -1.8717    1.3596  326.1231    4.0000         0    0.0001
    0.8453   -1.8717    1.3596  326.1231    4.0000         0    0.0001
    -------------------------------------
    0.8353   -1.9028    2.0177  296.7788    4.0000    1.5000    0.0001
    0.8353   -1.9028    2.0177  296.7788    4.0000    1.5000    0.0001
    0.7210   -1.8822    2.5115  299.4390    4.0000    1.5000    0.0000
    0.7210   -1.8822    2.5115  299.4390    4.0000    1.5000    0.0000
    -------------------------------------
    0.5773   -1.8283    3.9901  286.9829    4.0000    3.0000    0.0001
    0.4863   -1.8335    3.4733  314.2943    4.0000    3.0000    0.0000
    0.4863   -1.8335    3.4733  314.2943    4.0000    3.0000    0.0000
    0.6696   -1.8619    3.7464  277.3596    4.0000    3.0000    0.0000
    -------------------------------------
    0.4397   -1.7803    4.8270  294.7743    4.0000    4.5000    0.0009
    0.4397   -1.7803    4.8270  294.7743    4.0000    4.5000    0.0009
    0.4397   -1.7803    4.8270  294.7743    4.0000    4.5000    0.0009
    0.4397   -1.7803    4.8270  294.7743    4.0000    4.5000    0.0009
    -------------------------------------
    0.1533   -1.7504    6.2091  330.6211    4.0000    6.0000    0.0049
    0.4312   -1.7509    6.1601  279.5702    4.0000    6.0000    0.0043
    0.4312   -1.7509    6.1601  279.5702    4.0000    6.0000    0.0043
    0.4312   -1.7509    6.1601  279.5702    4.0000    6.0000    0.0043
    -------------------------------------